camera_matrix:
- [480.59874078170344, 0.0, 291.1102842606051]
- [0.0, 472.75248163874676, 248.20556225891053]
- [0.0, 0.0, 1.0]
dist_coeff:
- [0.015707543354104028, 0.2700471010024611, 0.001799054191609644, -0.0032424516400774124,
  -0.8143418870116484]
