%YAML:1.0
---
camera_matrix: !!opencv-matrix
   rows: 3
   cols: 3
   dt: d
   data: [ 1.4639429147149215e+03, 0., 1.1217383119722108e+03, 0.,
       1.3940459075644715e+03, 7.090796089918779e+02, 0., 0., 1. ]
dist_coeff: !!opencv-matrix
   rows: 1
   cols: 5
   dt: d
   data: [ 2.7466453531910753e-02, 6.82595851691288e-02,
       -7.339935978617181e-03, 6.685735688273999e-03,
       -2.4324590187199113e-01 ]
