%YAML:1.0
---
camera_matrix: !!opencv-matrix
   rows: 3
   cols: 3
   dt: d
   data: [ 4.6098102285314394e+02, 0., 3.0561658264200918e+02, 0.,
       4.3644766441379886e+02, 2.3671649241968908e+02, 0., 0., 1. ]
dist_coeff: !!opencv-matrix
   rows: 4
   cols: 1
   dt: d
   data: [ -6.7826945454716914e-01, 8.0843209330938102e+00,
       -4.2659807600964271e+01, 7.8883222721785742e+01 ]
